1369
1406
1925
1973
2025
2076
2122
2172
2225
2282
2325
2372
2428
2488
2536
2588
2636
2688
2735
2786
2834
2886
2933
2984
3028
3076
3123
3174
3216
3423
3498
3623
3672
3777
3856
3927
3987
4087
4137
4239
4294
4400
4461
4806
4873
4934
5002
5072
5137
5210
5283
5408
5471
5532
5603
5715
5832
5957
6028
6099
6163
6227
6288
6349
6410
6470
6530
6621
6704
6787
6863
6935
7006
7078
7163
7248
7333
7410
7487
7564
7641
7718
7788
7858
7928
7998
8066
8134
8202
8269
8336
8402
8468
8534
8600
8666
8732
8801
8870
8935
9000
9065
9130
9195
9258
9324
9390
9456
9522
9588
9654
9714
9774
9844
10030
10166
10243
10378
10435
10768
10940
11032
11457
11590
11888
12001
12106
12217
12314
12418
12525
12641
12823
12926
13016
13102
13182
13539
13646
13963
14081
14194
14314
14432
14545
14658
14760
14860
14959
15057
15163
15261
15525
15617
15866
15958
16207
16299
16548
16640
16728
16966
17054
17137
17365
17451
17532
17611
17690
17772
17850
17926
18004
18142
18377
18464
18555
18644
18729
18832
18919
18992
19067
19148
19223
19299
19378
19454
19533
19604
19677
19756
19829
19903
19981
20128
20217
20308
20405
20496
20588
20683
20775
20946
21034
21124
21359
21439
21541
21652
21756
21928
22005
22097
22190
22288
22386
22486
22586
22695
22804
22901
22996
23093
23191
23293
23388
23485
23583
23632
23740
23806
23850
23898
24127
24189
24310
24392
24467
24540
24819
25063
25327
25691
25889
26147
26405
26659
26909
27169
27423
27659
27895
28143
28393
28647
28933
29239
29523
29749
29891
29973
30098
30161
30228
30297
30371
30444
30519
30598
30669
30742
30818
30886
30954
31023
31093
31159
31242
31325
31408
31479
31552
31639
31763
31836
31903
31965
32029
32104
32178
32254
32334
32406
32480
32557
32626
32695
32765
32836
32903
32987
33071
33155
33227
33301
33389
33514
33587
33654
33781
33845
33916
33991
34065
34141
34221
34293
34367
34444
34513
34582
34652
34723
34790
34874
34958
35042
35114
35188
35276
35345
35406
35479
35550
35621
35693
35759
35823
35888
35953
36013
36077
36141
36205
36405
36492
36688
36757
36824
36886
36949
37011
37073
37132
37206
37279
37358
37418
37477
37536
37611
37686
37760
37841
37922
38003
38141
38281
38443
38605
38694
38769
38827
38885
38943
39002
39060
39118
39176
39401
39508
39592
39659
39725
39918
39991
40192
40264
40473
40549
40919
41191
41546
41658
41720
41782
41845
41908
41973
42038
42114
42190
42260
42330
42400
42471
42539
42606
42679
42752
43063
43258
43453
43648
43759
43922
44096
44270
44444
44618
44792
44966
45063
45288
45456
45624
45717
46029
46138
46300
46397
46618
46780
46942
47104
47193
47420
47519
47739
47898
48057
48216
48375
48534
48621
48829
48979
49129
49210
49421
49508
49728
49896
50064
50157
50449
50546
50694
50775
50988
51150
51312
51474
51636
51798
51895
52120
52294
52391
52644
52765
53016
53205
53394
53501
53755
53872
54113
54290
54389
54469
54961
55018
55079
55134
55191
55253
55309
55363
55420
55492
55559
55609
55672
55730
55796
55869
55937
56002
56131
56216
56300
56385
56471
56557
56641
56718
56783
56857
56932
56998
57071
57137
57202
57267
57342
57400
57453
57518
57578
57629
57686
57750
57815
57874
57937
58002
58062
58125
58182
58249
58310
58374
58433
58506
58575
58638
58699
58755
58822
58884
58956
59023
59086
59144
59212
59284
59347
59404
59476
59543
59610
59672
59734
59790
59848
59916
59979
60057
60130
60205
60275
60344
60409
60483
60552
60629
60702
60767
60828
60913
60993
61070
61142
61213
61280
61344
61419
61489
61559
61624
61694
61759
61830
61896
61965
62030
62100
62165
62234
62313
62387
62457
62522
62590
62653
62703
62762
62828
62896
62958
63031
63098
63167
63231
63300
63363
63437
63506
63580
63649
63704
63754
63818
63878
63943
64006
64128
64203
64272
64348
64414
64489
64561
64627
64695
64762
64825
64895
64963
65026
65094
65157
65225
65288
65351
65428
65501
65569
65631
65695
65760
65819
65890
65962
66034
66109
66178
66243
66306
66380
66453
66519
66587
66650
66734
66803
66858
66909
66966
67031
67091
67143
67196
67256
67325
67391
67444
67500
67556
67614
67669
67718
67787
67851
67909
67975
68038
68098
68163
68220
68292
68352
68422
68487
68550
68612
68672
68726
68804
68878
68952
69010
69068
69136
69196
69252
69309
69381
69445
69510
69588
69658
69722
69789
69852
69924
69992
70060
70125
70187
70256
70320
70382
70438
70500
70556
70619
70677
70740
70798
70867
70927
70986
71063
71139
71210
71270
71330
71402
71475
71550
71614
71683
71746
71812
71873
71930
71990
72045
72106
72162
72222
72277
72352
72416
72476
72535
72595
72652
72718
72780
72838
72898
72952
73002
73057
73107
73165
73217
73277
73331
73394
73460
73531
73597
73656
73709
73769
73826
73880
73947
74009
74075
74139
74204
74264
74330
74385
74465
74541
74615
74690
74765
74839
74918
75011
75086
75163
75221
75283
75343
75408
75475
75540
75594
75656
75712
75770
75829
75881
75938
76001
76069
76132
76203
76269
76333
76391
76454
76513
76580
76650
76713
76771
76830
76893
76947
77009
77067
77133
77193
77259
77314
77368
77427
77480
77536
77612
77683
77752
77810
77885
77954
78023
78079
78137
78192
78258
78318
78372
78430
78483
78543
78597
78656
78716
78770
78843
78910
78962
79024
79080
79133
79190
79262
79330
79407
79470
79541
79608
79676
79753
79825
79888
79951
80015
80082
80197
80358
80397
80436
80474
80563
80619
80679
80720
80766
80818
80856
80898
80947
81000
81054
81112
81166
81224
81278
81336
81389
81446
81489
81536
81631
81676
81721
81775
81832
81886
81940
81994
82048
82105
82162
82216
82273
82327
82384
82441
82491
82539
82587
82750
82790
82834
82878
82926
82968
83014
83062
83100
83142
83182
83226
83268
83314
83355
83400
83447
83489
83571
83614
83705
83800
83903
84066
84163
84205
84250
84299
84352
84453
84500
84549
84598
84647
84696
84745
84794
84846
84898
84994
85044
85097
85151
85217
85280
85345
85410
85479
85540
85622
85684
85745
85809
85870
85933
85998
86066
86130
86191
86254
86328
86384
86447
86505
86569
86636
86697
86758
86823
86880
86957
87015
87072
87142
87189
87242
87307
87374
87426
87478
87585
87636
87690
87745
87812
87876
87942
88008
88078
88140
88222
88285
88346
88410
88471
88535
88601
88669
88734
88796
88860
88934
88991
89054
89113
89178
89246
89308
89370
89436
89494
89572
89631
89688
89759
89807
89861
89927
89995
90048
90101
90208
90259
90313
90368
90435
90499
90565
90631
90701
90763
90845
90908
90969
91033
91094
91158
91224
91292
91357
91419
91483
91557
91614
91677
91736
91801
91869
91931
91993
92059
92117
92195
92254
92311
92382
92430
92484
92550
92618
92671
92724
92831
92882
92936
92991
93058
93122
93188
93254
93324
93386
93468
93531
93592
93656
93717
93781
93847
93915
93980
94042
94106
94180
94237
94300
94359
94424
94492
94554
94616
94682
94740
94818
94877
94934
95005
95053
95107
95173
95241
95294
95347
95459
95521
95579
95638
95701
95765
95865
95916
95970
96025
96092
96156
96222
96288
96358
96420
96502
96565
96626
96690
96751
96815
96881
96949
97014
97076
97140
97214
97271
97334
97393
97458
97526
97588
97650
97716
97774
97852
97911
97968
98039
98087
98141
98207
98275
98328
98381
98488
98539
98593
98648
98715
98779
98845
98911
98981
99043
99125
99188
99249
99313
99374
99438
99504
99572
99637
99699
99763
99837
99894
99957
100016
100081
100149
100211
100273
100339
100397
100475
100534
100591
100662
100710
100764
100830
100898
100951
101004
101111
101162
101216
101271
101338
101402
101468
101534
101604
101666
101748
101811
101872
101936
101997
102061
102127
102195
102260
102322
102386
102460
102517
102580
102639
102704
102772
102834
102896
102962
103020
103098
103157
103214
103285
103333
103387
103453
103521
103574
103627
103737
103791
103848
103906
103976
104043
104112
104181
104254
104319
104404
104470
104534
104601
104665
104732
104801
104872
104940
105005
105072
105149
105209
105275
105337
105405
105476
105541
105606
105675
105736
105817
105879
105939
106013
106064
106121
106190
106261
106317
106373
106486
106540
106597
106655
106725
106792
106861
106930
107003
107068
107153
107219
107283
107350
107414
107481
107550
107621
107689
107754
107821
107898
107958
108024
108086
108154
108225
108290
108355
108424
108485
108566
108628
108688
108762
108813
108870
108939
109010
109066
109122
109235
109289
109346
109404
109474
109541
109610
109679
109752
109817
109902
109968
110032
110099
110163
110230
110299
110370
110438
110503
110570
110647
110707
110773
110835
110903
110974
111039
111104
111173
111234
111315
111377
111437
111511
111562
111619
111688
111759
111815
111871
111937
112072
112132
112186
112256
112333
112406
112486
112545
112603
112676
112739
112798
112861
112932
113008
113065
113126
113189
113269
113333
113389
113444
113506
113567
113624
113682
113742
113806
113867
113920
113976
114038
114099
114162
114201
114245
114289
114337
114382
114425
114469
114508
114556
114600
114642
114692
114738
114782
114824
114867
114952
115009
115053
115094
115224
115287
115391
115449
115716
115795
115862
115940
116013
116083
116154
116219
116295
116371
116437
116522
116596
116667
116736
116806
116898
116969
117037
117117
117185
117259
117335
117408
117465
117522
117572
117623
117670
117725
117825
117883
117934
117983
118031
118078
119623
119727
119830
119933
120037
120141
120245
120348
120451
120555
120658
120761
120864
120968
121071
121174
121277
121380
121484
121588
121699
121803
121905
122008
122111
122215
122318
122421
122523
122627
122731
122835
122939
123043
123146
123249
123352
123455
123630
123733
123837
123939
124042
124145
124249
124352
124455
124559
124680
124784
124886
124997
125101
125205
125309
125411
125513
125614
125716
125819
125923
126026
126130
126234
126337
126441
126544
126648
126751
126855
126959
127063
127166
127270
127372
127474
127577
127680
127784
127886
127989
128092
128196
128300
128404
128508
128611
128714
128817
128921
129025
129129
129231
129334
129438
130592
130694
130797
130900
131004
131106
131209
131330
131433
131537
131641
131744
131847
131951
132055
132157
132261
132365
132467
132570
132674
132776
132879
132983
133086
133188
133291
133394
133498
133601
133703
133807
133911
134014
134117
134220
134324
134428
134532
134636
134740
134844
134946
135050
135153
135257
135361
135465
135567
135670
135774
135876
135978
136082
136184
136288
136390
136494
136596
136700
136804
136907
137010
137113
137215
137318
137420
137522
137625
137728
137831
137934
138036
138140
138244
138348
138451
138555
138659
138763
138867
138971
139074
139177
139280
139382
139486
139590
139694
139797
139900
140004
140107
140209
140311
140414
144057
144161
144265
144369
144473
144576
144679
144782
144886
144990
145094
145197
145300
145402
145505
145607
145711
145813
145916
146020
146123
146226
146330
146434
146536
146640
146744
146848
146952
147055
147158
147262
147365
147467
147570
147672
147775
147878
147981
148085
148187
148290
148394
148498
148601
148704
148808
148912
149015
149119
149222
149325
149480
149584
149687
149790
149893
149996
150098
150201
150303
150492
150595
150699
150803
150906
151008
151112
151214
151317
151420
151523
151626
151728
151832
151936
152039
152189
152292
152395
152498
152600
152703
152806
152909
153013
153117
153221
153325
153429
153533
153635
153739
153842
153946
154091
154194
154298
154400
154503
154607
154711
154814
154917
155021
155124
155227
155331
155434
155538
155642
155746
155849
155951
156055
156159
156262
156366
156469
156572
156611
156715
156818
156922
157025
157128
157230
157334
157437
157541
157644
157746
157850
157953
158057
158160
158264
158368
158471
158575
158678
158782
158886
158990
159094
159197
159299
159402
159506
159609
159712
159816
159919
160022
160126
160245
160349
160452
160556
160660
160763
160866
160969
161072
161175
161278
161381
161485
161623
163083
163185
163289
163392
163495
163597
163701
163804
163908
164011
164114
164218
164322
164426
164530
164633
164737
164840
164942
165046
165150
165254
165357
165459
165562
165666
165769
165872
165976
166079
166182
166285
166387
166491
166595
166698
166801
166904
167008
167112
167216
167320
167423
167527
167631
167738
167841
167945
168049
168153
168257
168360
168462
168566
168670
168773
168889
168992
169096
169200
169303
169406
169509
169612
169716
169819
169923
170027
170130
170234
170338
170441
170544
170654
170757
170861
170963
171065
171168
171271
171375
171479
171581
171865
171969
172072
172176
172280
172383
172493
172597
172700
172803
172907
173011
173115
173219
173321
173425
173529
173633
173736
173840
173944
174046
174150
174254
174356
174460
174564
174668
174770
174873
174977
175081
175184
175286
175389
175491
175594
175698
175800
175903
176006
176110
176213
176316
176419
176521
176624
176727
176831
176933
177037
177139
177242
177346
177450
177554
177657
177761
177864
177967
178070
178173
178276
178379
178482
178584
178687
178791
178895
178998
179100
179204
179306
179410
179514
179616
179719
179823
179926
180028
180132
180235
180337
180440
180544
180647
180750
180852
180955
181058
181162
181264
181366
181470
181572
181674
181777
181881
181985
182087
182190
182294
182397
182501
182605
182709
182812
182916
183020
183123
183225
183329
183433
183536
183640
183743
183846
183949
184053
184157
184260
184363
184466
184569
184672
184775
184878
184981
185085
185189
185292
185394
185498
185600
185704
185808
185911
186015
186118
186221
186322
186426
186530
186634
186737
186841
186945
187048
187152
187255
187358
187461
187565
187668
187771
187873
187976
188078
188181
188284
188386
188490
188594
188696
188800
188903
189006
189109
189213
189316
189420
189524
189628
189732
189834
190337
190440
190544
190647
190757
190861
190963
191067
191169
191273
191376
191480
191591
191695
191798
191901
192004
192108
192211
192314
192417
192520
192623
192727
192831
192934
193037
193141
193245
193349
193453
193557
193661
193763
193865
193969
194073
194177
194279
194382
194485
194589
194693
194796
194900
195003
195106
195208
195312
195416
195518
195620
195724
195828
195932
196034
196138
196242
196345
196449
196551
196654
196756
196859
196963
197067
197169
197271
197375
197478
197581
197683
197786
197890
197994
198097
198200
198304
198407
198510
198613
198716
198819
198923
199027
199129
199232
199336
199440
199544
199647
199750
199906
200008
200111
200215
200319
200422
200525
200629
200733
200837
200940
201043
201147
201251
201354
201457
201560
201662
201765
201868
201972
202076
202180
202283
202387
202490
202594
202697
202800
202902
203005
203109
203212
203314
203423
203526
203629
203733
203836
203939
204042
204144
204247
204350
204454
204558
204661
205284
205386
205488
205590
205693
205795
205898
206002
206105
206209
206312
206416
206520
206622
206726
206830
206933
207037
207141
207245
207349
207452
207555
207657
207761
207864
207967
208070
208173
208277
208379
208481
208584
208686
208790
208892
208994
209098
209202
209305
209407
209511
209614
209717
209821
209923
210027
210129
210232
210335
210438
210541
210645
210748
210852
210956
211060
211164
211267
211411
211514
211617
211720
211823
211927
212031
212134
212237
212382
212486
212588
212692
212837
212940
213044
213148
213249
213353
213457
213561
213664
213768
213872
213975
214078
214181
214285
214388
214492
214596
214698
214802
214906
215009
215113
215217
215319
215423
215527
215630
215734
215837
215940
216044
216146
216249
216352
216454
216557
216661
216764
216868
216971
217075
217179
217282
217386
217490
217593
217696
217800
217903
218007
218111
218215
218318
218421
218524
218628
218732
218836
218940
219043
219146
219249
219353
219456
219559
219662
219766
219869
219972
220075
220177
220280
220383
220485
220589
220693
220797
220901
221637
221684
221738
222190
222231
222288
222352
222412
222757
222807
224064
224115
224175
224225
225328
225378
225436
226633
226677
226730
226941
226986
227049
227944
228095
228204
230334
230385
230436
230477
232930
232969
233018
233648
233986
234030
234072
234171
234273
234317
234361
234405
234449
234493
234537
234584
234631
235561
235599
235651
236612
236668
236735
236928
237233
237275
237581
237686
237995
238048
239086
239376
240884
241117
241162
241643
241710
242301
242344
242399
242835
242976
243071
243166
243261
243819
243923
244027
244131
244235
244337
244441
244545
244648
244751
244854
244958
245062
245165
245269
245372
245475
245578
245682
245784
245887
245990
246094
246197
246301
246404
246508
246612
246715
246817
246921
247025
247129
247233
247337
247440
247544
247646
247749
247853
247957
248061
248172
248275
248379
248528
248570
248672
248776
248880
248926
249116
249218
249321
249424
249527
249630
249734
249838
249941
250056
250168
250282
250396
250514
250624
250755
250866
250976
251089
251418
251468
251512
251558
251609
252199
252303
252405
252509
252613
252717
252820
252959
253011
253544
253587
255208
255269
255325
255364
255450
255497
255581
255636
255698
255755
255800
255844
255898
256384
256443
256502
256560
256616
256672
256788
256840
256892
256943
256992
257042
257280
257326
257375
257616
257718
257767
257806
257846
258285
258388
258491
258595
258696
258799
258902
259006
259110
259213
259316
259419
259521
259625
259729
259833
259935
260038
260142
260245
260348
260451
260555
260658
260762
260866
260970
261074
261178
261282
261385
261488
261591
261695
261798
261900
262004
262108
262210
262313
262417
262521
262624
262727
262830
262934
263037
263141
263245
263347
263451
263555
263658
263761
263865
263974
264077
264181
264284
264387
264491
264594
264641
264683
264846
264949
265053
265157
265260
265363
265465
265569
265673
265777
265881
266055
266159
266300
266354
266535
266580
266683
266786
266889
266992
267093
267196
267510
267622
267736
267853
267966
268076
268188
268311
268416
268794
268898
269001
269105
269207
269309
269411
269515
269617
269720
269822
269926
270029
270133
270236
270339
270441
270544
270647
270749
270852
270956
271059
271163
271266
271369
271472
271576
271678
271782
271886
271988
272092
272196
272300
272402
272506
272610
272714
272817
272920
273024
273127
273231
273335
273439
273543
273647
273749
273853
273956
274059
274162
274265
274367
274471
274574
274677
274781
274884
274988
275092
275195
275298
275400
275504
275608
275711
275813
275916
276018
276122
276226
276329
276432
276536
276639
276743
276846
276949
277095
277141
277191
277295
277397
277501
277605
277708
277810
277914
278018
278121
278224
278327
278431
278533
278636
278739
278842
278945
279053
279157
279260
279364
279467
279569
279672
279776
279880
279983
280086
280189
280229
280275
280328
280527
280588
280713
280767
280815
280867
280913
280967
281016
281068
281207
281263
281313
281366
281414
281476
281534
281586
281636
281681
281737
281788
281849
281905
281957
282080
282137
282198
282749
282801
282847
282907
283895
283956
284012
284068
284208
284259
284304
284406
284513
284731
284780
284950
284999
285048
285097
285146
285195
285244
285301
285353
285420
285482
285546
285605
285663
285717
285827
285937
286051
286157
286283
286390
286972
287035
287093
287159
287221
287275
287325
287399
287468
287534
287595
287655
287711
287763
287816
287880
287939
287998
288052
288111
288165
288225
288280
288338
288392
288451
288505
288563
288631
288694
288753
288807
288851
288962
289019
289164
289277
289386
289516
289692
289796
289900
290004
290107
290211
290312
290414
290518
290621
290725
290828
290932
291035
291139
291242
291345
291449
291552
291656
291759
291861
291964
292067
292169
292272
292375
292478
292582
292685
292789
292892
292995
293103
293207
293311
293415
293518
293622
293724
293827
293930
294033
294135
294237
294354
294465
294569
294673
294776
294878
294982
295084
295188
295291
295393
295497
295600
295704
295808
295911
296015
296119
296221
296528
296626
296671
296775
296827
296880
296984
297087
297191
297294
297331
297373
297428
297529
297633
297735
297838
297942
298046
298150
298254
298396
298504
298608
298711
298815
298918
299021
299124
299167
299367
299424
299475
299537
299593
299651
299704
299762
299814
299877
299935
299998
300115
300265
300316
300357
300398
300448
300501
300551
300601
300651
300701
300754
300807
300857
300910
300960
301013
301066
301114
301160
301204
301248
301366
301975
302078
302181
302285
302389
302493
302645
302705
302924
302982
303026
303109
303220
303260
303307
303399
303671
303774
303878
303982
304086
304190
304293
304397
304499
304602
304706
304810
304914
305018
305122
305224
305327
305430
305534
305638
305742
305844
305948
306052
306156
306260
306364
306468
306571
306674
306778
306882
306985
307089
307192
307296
307399
307502
307605
307709
307812
307915
308018
308127
308231
308334
308437
308541
308693
308797
308901
309004
309230
309334
309436
309539
309641
309744
309847
309950
310053
310156
310260
310364
310468
310571
310673
310775
310879
310982
311085
311189
311293
311397
311501
311604
311708
311812
311914
312018
312122
312226
312329
312474
312527
312576
312630
312682
312730
312778
312825
312873
312920
312967
313024
313072
313120
313170
313226
313276
313327
313381
313432
313486
313542
313600
313664
313722
313781
313843
313902
313964
314488
314841
315158
315261
315365
315469
315573
315682
315785
315889
315993
316095
316198
316302
316406
316510
316614
316718
316821
316924
317028
317131
317235
317339
317442
317546
317650
317754
317858
317967
318071
318174
318277
318381
318485
318589
318691
318794
318898
319002
319104
319208
319311
319430
319534
319637
319740
319844
319946
320048
320152
320256
320360
320464
320568
320679
320783
320886
320990
321092
321195
321298
321400
321503
321607
321710
321814
321918
322022
322125
322229
322332
322786
322889
322991
323094
323196
323299
323403
323507
323611
323715
323818
323921
324024
324128
324229
324333
324436
324539
324643
324745
324849
325886
325931
326033
326137
326338
326437
326541
326644
326748
326850
326992
327043
327107
327168
327223
327788
328023
328080
328130
328186
328238
328283
328342
328399
328451
328508
328560
328617
328669
328721
328787
328849
328906
328957
329424
329478
329795
329874
329945
330016
330080
330140
331946
332007
332071
332129
332252
332423
332868
332929
333077
333434
336447
336502
336559
336945
337465
337598
337781
337975
338477
338527
338571
338611
338657
338711
338805
338858
338967
339008
339050
339099
339157
339396
339507
339557
339602
339647
339694
339738
341956
342052
342086
342405
342444
342546
342590
342630
342674
342718
342762
342810
342858
342911
342953
342999
343047
343085
343127
343167
343211
343254
343297
343341
343380
343436
343480
343524
343574
343616
343662
343703
343748
343798
343844
343896
343943
343985
344027
344073
344116
344791
344836
345038
345079
345438
345480
345643
346092
346145
347360
347415
347459
347518
347576
347640
347727
347779
347828
347882
347928
347989
348669
348807
348856
348907
348949
348994
349038
349082
349142
349202
349261
349327
349393
349459
349518
349572
349624
349679
349730
349779
349822
349889
349952
350015
350062
350109
350166
350215
350260
350306
350367
350420
350474
350541
350600
350653
350709
350761
350822
351127
351192
351246
351297
351355
351408
351462
351511
351562
351607
351695
351778
351829
351874
351926
352033
352109
352161
352308
352366
352415
352463
352529
352594
352654
352703
352752
352813
352875
352939
352992
353050
353102
353157
353207
353253
353396
353440
353481
353531
353576
353625
353669
353750
353814
353865
353918
353967
354015
354090
354134
354180
354223
354266
354309
354353
354389
354429
354484
354535
354582
354628
354676
354730
354778
354827
354880
354933
354982
355025
355064
355108
355200
355247
355504
355553
355637
355684
355729
355777
355820
355870
356237
357284
357338
357398
357705
357753
357795
357955
358484
358527
358702
359084
359226
359284
359344
359404
359473
359542
360692
360748
361954
362011
362048
362345
362504
362554
362609
362662
363787
363842
363899
363957
364011
364060
364115
364159
364228
364292
364355
364419
364484
364549
364612
364668
364733
364796
364860
364924
364987
365055
365137
365201
365483
365526
365569
365612
365713
365760
365804
365860
365911
365960
366013
366067
366112
366164
366209
366263
366307
366351
366407
366461
366597
366646
366840
366889
366942
366994
367043
367086
367137
367486
367532
367582
367705
367779
367831
367882
367934
367977
368028
368073
368120
368168
368475
368523
368570
368616
369096
369143
369277
369436
369796
369900
370335
370382
371262
371314
371371
372225
372278
372325
372370
372418
372629
372689
372744
372846
372893
372945
372993
373741
373797
373856
373897
374198
374250
374297
374345
374397
374440
374748
374799
375512
375801
375946
375991
376040
376090
376144
376194
376337
376384
376439
376624
377076
377455
377504
377552
377602
377645
377854
377904
377958
377999
378503
378551
378593
378638
378687
378740
378780
378879
379171
379244
379317
379390
379455
379520
379585
379650
379715
379773
379831
379889
379947
379998
380054
380110
380166
380221
380276
380330
380384
380438
380492
380546
380600
380657
380714
380767
380820
380873
380926
380979
381030
381084
381138
381192
381246
381300
381354
381397
382168
382223
382280
382338
382377
384492
384557
384802
384935
384982
385046
385104
385162
385207
385254
385298
385502
385558
385782
385971
386020
386518
386566
386614
386661
386708
386756
386804
386851
386893
386943
386993
387042
387085
387133
387194
387255
387310
387365
387420
387476
387529
387581
387630
387673
387735
387791
387832
387890
387948
388006
388064
388115
388160
388219
388261
388346
388414
388622
388710
388827
388950
389023
389224
389287
389410
389567
389705
389787
389908
390002
390120
390187
390357
390469
390527
390591
390713
390786
390863
391048
391105
391154
391291
391392
391517
391586
391729
391885
392033
392106
392168
392279
392349
392405
392466
392523
392589
392641
392701
392757
392811
392868
392931
392997
393058
393110
393162
394065
394155
394208
394264
394392
394433
394478
394518
394562
394599
394640
394680
394724
394780
394836
394928
394976
395022
395057
395136
395175
