11
57
110
159
214
296
343
392
439
482
535
576
629
689
769
816
881
930
991
1041
1094
1145
1190
1227
1276
118123
129541
129972
130095
130354
130464
130537
140517
140544
140569
140603
140693
140732
140777
140822
140865
140904
140945
140986
141030
141071
141113
141158
141206
141254
141307
141354
141406
141451
141501
141545
141594
141647
141692
141738
141783
141828
141873
141918
141963
142008
142060
142108
142152
142190
142227
142279
142315
142359
142395
142446
142483
142537
142580
142625
142671
142722
142781
142841
142894
142948
143004
143058
143108
143166
143219
143269
143324
143374
143424
143475
143525
143575
143625
143675
143729
143779
143821
143878
143935
143994
149429
152143
154050
161588
161672
161744
162955
162995
163057
171691
171796
189937
221003
221132
221194
221600
221780
222479
222539
222853
222903
223330
223725
223771
223824
223872
223933
223980
224023
224277
224878
224967
225032
225103
225148
225251
225499
225546
225596
225708
225760
225848
225907
225954
226000
226077
226140
226185
226230
226291
226330
226410
226461
226540
226778
226827
226892
227114
227548
227601
227709
227762
227844
227891
227992
228031
228141
228244
228352
228401
228511
229680
229768
229814
229896
229965
229995
230064
230113
230172
230214
230263
230296
230537
230594
230653
230721
230823
230870
230993
231034
231072
231133
231228
231270
231309
231347
231377
231415
231456
231487
231548
231590
231632
232312
232361
232440
232480
232884
233064
233132
233189
233231
233540
233591
233813
233917
234678
234908
235021
235147
235207
235285
235352
235459
235491
235707
235782
235847
235882
236408
236518
236571
236792
236830
236882
236971
237029
237182
237324
237403
237536
237629
237730
237776
237962
238098
238173
238619
239035
239131
239187
239260
239298
239423
239462
239507
240180
240561
240783
240832
240935
241068
241210
241281
241330
241387
241485
241537
241597
241756
241805
241899
241948
241987
242020
242116
242233
242266
242486
242694
242766
243308
248482
249028
251199
251285
251654
251703
251765
252924
253065
253113
253633
254097
255416
255948
256729
257092
257225
257427
257497
257899
257991
258044
258099
258186
258238
264786
266263
266403
266442
266487
268528
268573
268638
268679
268722
268755
277053
280376
280466
280632
280674
281114
281159
282004
282253
282665
282959
283014
283082
283143
283223
283643
283696
283776
283834
284351
284626
284675
284896
286496
286554
288902
289071
289120
289208
289323
289425
289467
289562
296325
296362
296406
296576
299217
299272
300173
301294
301485
301555
302765
302816
303355
303541
303578
303620
308645
309108
309159
312433
314010
314150
314270
314315
314447
314543
314673
314716
314755
314796
314924
314965
315020
315067
322380
324953
325375
325835
326241
326953
327266
327613
327679
327730
327841
327894
327941
329534
329658
330201
330328
330460
330579
330698
330913
331042
331186
331246
331342
331612
331730
332304
332483
332537
332668
332997
333140
333245
333307
333496
333764
333878
333998
334167
334344
334464
334583
334756
334870
334992
335105
335225
335268
335389
335509
335692
335819
335938
336051
336170
336306
336611
336759
337018
337064
337254
337393
337841
338035
338217
338271
338910
339212
339259
339308
339440
339776
339889
340066
340171
340294
340424
340569
340699
340827
341011
341138
341272
341485
341672
341771
341855
342173
342220
342353
344157
344232
344644
344717
345124
345187
345285
345368
345693
345751
345804
345892
345943
345994
346043
346192
346229
346286
346331
346875
346944
348105
348270
348510
348727
350879
350981
351055
352208
354064
355147
355288
355365
355409
355596
355922
356003
356292
356346
356395
356448
356872
357453
357499
357544
357643
357839
357882
358004
358449
358567
358645
358816
358863
358952
359130
359585
359630
360042
360108
360643
360799
360999
361153
361335
361495
361643
361773
362089
362136
362218
362259
362304
362395
362453
362778
362819
363061
363479
363565
363600
363645
363696
363754
365332
365403
366507
366560
366747
367185
367236
367282
367353
367396
367447
368248
368357
368411
368668
368815
368889
368936
369018
369055
369183
369339
369383
369505
369548
369600
369684
369741
369951
370119
370208
370292
370428
370836
370873
370953
370994
371043
371129
371174
371468
372082
372140
372181
372461
372524
372797
373046
373091
373126
373189
373648
373994
374055
374104
374509
374550
374604
374647
374701
374846
374897
375408
375463
375623
375696
375747
375847
375892
376248
376547
376584
376679
376724
376773
376826
376908
376967
377043
377120
377171
377217
377254
377316
377363
377408
377688
377729
377781
378044
378456
378824
378924
378965
379011
379093
381450
381531
381949
382001
382062
382124
382420
382496
382542
382600
382661
382724
382887
382924
383055
383641
383680
383719
383767
383804
384216
384385
384434
384617
384672
384747
384860
384896
385397
385613
385654
385691
385728
385844
385887
386063
393210
393268
393307
393348
393982
394315
394353
395225
395280
