326241
326378
329534
329724
330201
330390
330460
330633
330698
330913
331112
331246
331410
331479
331539
331612
331730
331872
332183
332304
332537
332732
332803
333140
333307
333496
333619
333694
333764
333932
333998
334102
334167
334278
334344
334518
334583
334690
334756
334926
334992
335159
335268
335443
335509
335624
335692
335873
335938
336105
336170
336374
336611
336821
336875
337064
337182
337254
337523
337657
337716
337841
338035
338145
338271
338361
338411
348105
348212
348270
348390
348448
348510
348613
352208
353302
353346
358952
359168
360999
361098
361153
361258
361335
361438
361495
361578
361643
361718
361773
361877
368668
368763
376248
376488
