1311
1447
1854
3262
3308
3364
3571
3722
4043
4191
4347
4516
4563
4608
4746
5336
5665
5778
5901
9914
9970
10114
10327
10487
10591
10693
10856
11124
11215
11334
11716
11799
12736
13269
13354
13443
13753
13856
15364
15440
15705
15781
16046
16122
16387
16463
16813
16885
17216
17286
18072
18225
18301
20059
20870
21203
21281
21853
23690
23957
24012
24071
24253
24612
24669
24742
24911
24985
25157
25240
25439
25517
25602
25807
25991
26067
26245
26323
26507
26581
26753
26829
27007
27086
27273
27346
27515
27585
27745
27818
27987
28063
28241
28315
28487
28565
28749
28839
29059
29147
29361
29440
29627
29682
29815
30034
31707
33458
33716
36265
36333
36566
36625
38072
38208
38370
38532
39241
39319
39792
39853
40058
40123
40335
40402
40622
40682
40749
40832
41019
41103
41295
41364
41453
42826
42899
42979
43174
43369
43564
43845
44019
44193
44367
44541
44715
44889
45142
45213
45381
45549
45794
45867
45946
46223
46476
46545
46707
46869
47031
47268
47342
47599
47667
47826
47985
48144
48303
48462
48695
48760
48910
49060
49281
49349
49582
49653
49821
49989
50234
50299
50372
50625
50846
50915
51077
51239
51401
51563
51725
51970
52043
52217
52470
52555
52856
52934
53123
53312
53585
53668
53961
54035
54212
54523
56066
64065
80144
80255
80309
80524
81578
82637
82706
83535
83660
83760
83854
83966
84026
84123
84404
84950
87540
90164
92787
95410
95821
98444
101067
103690
106439
109188
111980
112023
114908
115133
115175
115350
115509
115554
115603
115656
117774
129541
129865
130000
130136
130207
130260
130313
130380
130422
199853
211371
212341
212796
233730
242442
242881
242928
243023
243118
243213
249070
251376
255497
257092
257616
257948
258132
267299
267422
267467
280376
282041
282665
284119
284159
289609
289649
296467
297478
298357
299320
300056
302596
302883
303065
303176
303443
303492
314065
314110
314213
314594
314633
314884
315116
327574
327984
329010
338760
339347
342124
345538
346875
347688
348049
348727
351651
351738
351973
353708
355326
355961
356044
358004
358952
360165
360600
360923
365267
367636
368209
369233
369858
370166
371174
371423
372524
373607
373942
374104
375363
376865
379132
382775
382820
385353
385445
385930
388300
388487
388551
388888
389096
389160
389350
389511
389640
389849
390064
390250
390303
390410
390651
390940
390990
391231
391453
391653
391822
391959
392214
394024
394111
394885
395096
395317
395357
395399
