129541
129865
130000
130136
130207
130260
130313
130380
130422
156572
161623
199853
211371
212341
212796
221637
221684
221738
222190
222231
222288
222352
222412
222757
222807
224064
224115
224175
224225
225328
225378
225436
226633
226677
226730
226941
226986
227049
227944
228095
228204
230334
230385
230436
230477
232930
232969
233018
233648
233730
233986
234030
234072
234171
234273
234317
234361
234405
234449
234493
234537
234584
234631
235561
235599
235651
236612
236668
236735
236928
237233
237275
237581
237686
237995
238048
239086
239376
240884
241117
241162
241643
241710
242301
242344
242399
242442
242835
242881
242928
242976
243023
243071
243118
243166
243213
243261
248528
248880
249070
249838
249941
250056
250168
250282
250396
250514
250624
250755
250866
250976
251089
251376
251418
251468
251512
251558
251609
252959
253011
253544
253587
255208
255269
255325
255364
255450
255497
255497
255581
255636
255698
255755
255800
255844
255898
256384
256443
256502
256560
256616
256672
256788
256840
256892
256943
256992
257042
257092
257280
257326
257375
257616
257616
257718
257767
257806
257846
257948
258132
264594
264641
266300
266354
266535
267299
267422
267467
267510
267622
267736
267853
267966
268076
268188
268311
268416
277095
277141
280189
280229
280275
280328
280376
280527
280588
280713
280767
280815
280867
280913
280967
281016
281068
281207
281263
281313
281366
281414
281476
281534
281586
281636
281681
281737
281788
281849
281905
281957
282041
282080
282137
282198
282665
282749
282801
282847
282907
283895
283956
284012
284068
284119
284159
284208
284259
284304
284406
284513
284731
284780
284950
284999
285048
285097
285146
285195
285244
285301
285353
285420
285482
285546
285605
285663
285717
285827
285937
286051
286157
286283
286390
286972
287035
287093
287159
287221
287275
287325
287399
287468
287534
287595
287655
287711
287763
287816
287880
287939
287998
288052
288111
288165
288225
288280
288338
288392
288451
288505
288563
288631
288694
288753
288807
288851
288962
289019
289164
289277
289386
289516
289609
289649
296467
296528
296626
296775
296827
297294
297331
297373
297428
297478
298357
299124
299167
299320
299367
299424
299475
299537
299593
299651
299704
299762
299814
299877
299935
299998
300056
300115
300265
300316
300357
300398
300448
300501
300551
300601
300651
300701
300754
300807
300857
300910
300960
301013
301066
301114
301160
301204
301248
301366
302596
302645
302705
302883
302924
302982
303026
303065
303109
303176
303220
303260
303307
303399
303443
303492
312474
312527
312576
312630
312682
312730
312778
312825
312873
312920
312967
313024
313072
313120
313170
313226
313276
313327
313381
313432
313486
313542
313600
313664
313722
313781
313843
313902
313964
314065
314110
314213
314488
314594
314633
314841
314884
315116
322332
325886
326338
326992
327043
327107
327168
327223
327574
327788
327984
328023
328080
328130
328186
328238
328283
328342
328399
328451
328508
328560
328617
328669
328721
328787
328849
328906
328957
329010
329424
329478
329795
329874
329945
330016
330080
330140
331946
332007
332071
332129
332252
332423
332868
332929
333077
333434
336447
336502
336559
336945
337465
337598
337781
337975
338477
338527
338571
338611
338657
338711
338760
338805
338858
338967
339008
339050
339099
339157
339347
339396
339507
339557
339602
339647
339694
339738
341956
342052
342086
342124
342405
342444
342546
342590
342630
342674
342718
342762
342810
342858
342911
342953
342999
343047
343085
343127
343167
343211
343254
343297
343341
343380
343436
343480
343524
343574
343616
343662
343703
343748
343798
343844
343896
343943
343985
344027
344073
344116
344791
344836
345038
345079
345438
345480
345538
345643
346092
346145
346875
347360
347415
347459
347518
347576
347640
347688
347727
347779
347828
347882
347928
347989
348049
348669
348727
348807
348856
348907
348949
348994
349038
349082
349142
349202
349261
349327
349393
349459
349518
349572
349624
349679
349730
349779
349822
349889
349952
350015
350062
350109
350166
350215
350260
350306
350367
350420
350474
350541
350600
350653
350709
350761
350822
351127
351192
351246
351297
351355
351408
351462
351511
351562
351607
351651
351695
351738
351778
351829
351874
351926
351973
352033
352109
352161
352308
352366
352415
352463
352529
352594
352654
352703
352752
352813
352875
352939
352992
353050
353102
353157
353207
353253
353396
353440
353481
353531
353576
353625
353669
353708
353750
353814
353865
353918
353967
354015
354090
354134
354180
354223
354266
354309
354353
354389
354429
354484
354535
354582
354628
354676
354730
354778
354827
354880
354933
354982
355025
355064
355108
355200
355247
355326
355504
355553
355637
355684
355729
355777
355820
355870
355961
356044
356237
357284
357338
357398
357705
357753
357795
357955
358004
358484
358527
358702
358952
359084
359226
359284
359344
359404
359473
359542
360165
360600
360692
360748
360923
361954
362011
362048
362345
362504
362554
362609
362662
363787
363842
363899
363957
364011
364060
364115
364159
364228
364292
364355
364419
364484
364549
364612
364668
364733
364796
364860
364924
364987
365055
365137
365201
365267
365483
365526
365569
365612
365713
365760
365804
365860
365911
365960
366013
366067
366112
366164
366209
366263
366307
366351
366407
366461
366597
366646
366840
366889
366942
366994
367043
367086
367137
367486
367532
367582
367636
367705
367779
367831
367882
367934
367977
368028
368073
368120
368168
368209
368475
368523
368570
368616
369096
369143
369233
369277
369436
369796
369858
369900
370166
370335
370382
371174
371262
371314
371371
371423
372225
372278
372325
372370
372418
372524
372629
372689
372744
372846
372893
372945
372993
373607
373741
373797
373856
373897
373942
374104
374198
374250
374297
374345
374397
374440
374748
374799
375363
375512
375801
375946
375991
376040
376090
376144
376194
376337
376384
376439
376624
376865
377076
377455
377504
377552
377602
377645
377854
377904
377958
377999
378503
378551
378593
378638
378687
378740
378780
378879
379132
379171
379244
379317
379390
379455
379520
379585
379650
379715
379773
379831
379889
379947
379998
380054
380110
380166
380221
380276
380330
380384
380438
380492
380546
380600
380657
380714
380767
380820
380873
380926
380979
381030
381084
381138
381192
381246
381300
381354
381397
382168
382223
382280
382338
382377
382775
382820
384492
384557
384802
384935
384982
385046
385104
385162
385207
385254
385298
385353
385445
385502
385558
385782
385930
385971
386020
386518
386566
386614
386661
386708
386756
386804
386851
386893
386943
386993
387042
387085
387133
387194
387255
387310
387365
387420
387476
387529
387581
387630
387673
387735
387791
387832
387890
387948
388006
388064
388115
388160
388219
388261
388300
388346
388414
388487
388551
388622
388710
388827
388888
388950
389023
389096
389160
389224
389287
389350
389410
389511
389567
389640
389705
389787
389849
389908
390002
390064
390120
390187
390250
390303
390357
390410
390469
390527
390591
390651
390713
390786
390863
390940
390990
391048
391105
391154
391231
391291
391392
391453
391517
391586
391653
391729
391822
391885
391959
392033
392106
392168
392214
392279
392349
392405
392466
392523
392589
392641
392701
392757
392811
392868
392931
392997
393058
393110
393162
394024
394065
394111
394155
394208
394264
394392
394433
394478
394518
394562
394599
394640
394680
394724
394780
394836
394885
394928
394976
395022
395057
395096
395136
395175
395317
395357
395399
