118123
129541
129972
130354
130464
140544
140569
140603
140693
140732
140777
140822
140865
140904
140945
140986
141030
141071
141113
141158
141206
141254
141307
141354
141406
141451
141501
141545
141594
141647
141692
141738
141783
141828
141873
141918
141963
142008
142060
142108
142152
142190
142227
142279
142315
142359
142395
142446
142483
142537
142580
142625
142671
142722
142781
142841
142894
142948
143004
143058
143108
143166
143219
143269
143324
143374
143424
143475
143525
143575
143625
143675
143729
143779
143821
143878
143935
143994
161744
162995
163057
171691
171796
326241
329534
329658
330201
330328
330460
330579
330698
330913
331042
331186
331246
331342
331612
331730
332304
332483
332537
332668
332997
333140
333245
333307
333496
333764
333878
333998
334167
334344
334464
334583
334756
334870
334992
335105
335225
335268
335389
335509
335692
335819
335938
336051
336170
336306
336611
336759
337018
337064
337254
337393
337841
338035
338217
338271
348105
348270
348510
352208
354064
358952
359130
360999
361153
361335
361495
361643
361773
368668
376248
