119623
119727
119830
119933
120037
120141
120245
120348
120451
120555
120658
120761
120864
120968
121071
121174
121277
121380
121484
121588
121699
121803
121905
122008
122111
122215
122318
122421
122523
122627
122731
122835
122939
123043
123146
123249
123352
123455
123558
123630
123733
123837
123939
124042
124145
124249
124352
124455
124559
124680
124784
124886
124997
125101
125205
125309
125411
125513
125614
125716
125819
125923
126026
126130
126234
126337
126441
126544
126648
126751
126855
126959
127063
127166
127270
127372
127474
127577
127680
127784
127886
127989
128092
128196
128300
128404
128508
128611
128714
128817
128921
129025
129129
129231
129334
129438
130592
130694
130797
130900
131004
131106
131209
131330
131433
131537
131641
131744
131847
131951
132055
132157
132261
132365
132467
132570
132674
132776
132879
132983
133086
133188
133291
133394
133498
133601
133703
133807
133911
134014
134117
134220
134324
134428
134532
134636
134740
134844
134946
135050
135153
135257
135361
135465
135567
135670
135774
135876
135978
136082
136184
136288
136390
136494
136596
136700
136804
136907
137010
137113
137215
137318
137420
137522
137625
137728
137831
137934
138036
138140
138244
138348
138451
138555
138659
138763
138867
138971
139074
139177
139280
139382
139486
139590
139694
139797
139900
140004
140107
140209
140311
140414
144057
144161
144265
144369
144473
144576
144679
144782
144886
144990
145094
145197
145300
145402
145505
145607
145711
145813
145916
146020
146123
146226
146330
146434
146536
146640
146744
146848
146952
147055
147158
147262
147365
147467
147570
147672
147775
147878
147981
148085
148187
148290
148394
148498
148601
148704
148808
148912
149015
149119
149222
149325
149480
149584
149687
149790
149893
149996
150098
150201
150303
150406
150492
150595
150699
150803
150906
151008
151112
151214
151317
151420
151523
151626
151728
151832
151936
152039
152189
152292
152395
152498
152600
152703
152806
152909
153013
153117
153221
153325
153429
153533
153635
153739
153842
153946
154091
154194
154298
154400
154503
154607
154711
154814
154917
155021
155124
155227
155331
155434
155538
155642
155746
155849
155951
156055
156159
156262
156366
156469
156611
156715
156818
156922
157025
157128
157230
157334
157437
157541
157644
157746
157850
157953
158057
158160
158264
158368
158471
158575
158678
158782
158886
158990
159094
159197
159299
159402
159506
159609
159712
159816
159919
160022
160126
160245
160349
160452
160556
160660
160763
160866
160969
161072
161175
161278
161381
161485
163083
163185
163289
163392
163495
163597
163701
163804
163908
164011
164114
164218
164322
164426
164530
164633
164737
164840
164942
165046
165150
165254
165357
165459
165562
165666
165769
165872
165976
166079
166182
166285
166387
166491
166595
166698
166801
166904
167008
167112
167216
167320
167423
167527
167631
167738
167841
167945
168049
168153
168257
168360
168462
168566
168670
168773
168889
168992
169096
169200
169303
169406
169509
169612
169716
169819
169923
170027
170130
170234
170338
170441
170544
170654
170757
170861
170963
171065
171168
171271
171375
171479
171581
171865
171969
172072
172176
172280
172383
172493
172597
172700
172803
172907
173011
173115
173219
173321
173425
173529
173633
173736
173840
173944
174046
174150
174254
174356
174460
174564
174668
174770
174873
174977
175081
175184
175286
175389
175491
175594
175698
175800
175903
176006
176110
176213
176316
176419
176521
176624
176727
176831
176933
177037
177139
177242
177346
177450
177554
177657
177761
177864
177967
178070
178173
178276
178379
178482
178584
178687
178791
178895
178998
179100
179204
179306
179410
179514
179616
179719
179823
179926
180028
180132
180235
180337
180440
180544
180647
180750
180852
180955
181058
181162
181264
181366
181470
181572
181674
181777
181881
181985
182087
182190
182294
182397
182501
182605
182709
182812
182916
183020
183123
183225
183329
183433
183536
183640
183743
183846
183949
184053
184157
184260
184363
184466
184569
184672
184775
184878
184981
185085
185189
185292
185394
185498
185600
185704
185808
185911
186015
186118
186221
186322
186426
186530
186634
186737
186841
186945
187048
187152
187255
187358
187461
187565
187668
187771
187873
187976
188078
188181
188284
188386
188490
188594
188696
188800
188903
189006
189109
189213
189316
189420
189524
189628
189732
189834
190337
190440
190544
190647
190757
190861
190963
191067
191169
191273
191376
191480
191591
191695
191798
191901
192004
192108
192211
192314
192417
192520
192623
192727
192831
192934
193037
193141
193245
193349
193453
193557
193661
193763
193865
193969
194073
194177
194279
194382
194485
194589
194693
194796
194900
195003
195106
195208
195312
195416
195518
195620
195724
195828
195932
196034
196138
196242
196345
196449
196551
196654
196756
196859
196963
197067
197169
197271
197375
197478
197581
197683
197786
197890
197994
198097
198200
198304
198407
198510
198613
198716
198819
198923
199027
199129
199232
199336
199440
199544
199647
199750
199906
200008
200111
200215
200319
200422
200525
200629
200733
200837
200940
201043
201147
201251
201354
201457
201560
201662
201765
201868
201972
202076
202180
202283
202387
202490
202594
202697
202800
202902
203005
203109
203212
203314
203423
203526
203629
203733
203836
203939
204042
204144
204247
204350
204454
204558
204661
204765
205284
205386
205488
205590
205693
205795
205898
206002
206105
206209
206312
206416
206520
206622
206726
206830
206933
207037
207141
207245
207349
207452
207555
207657
207761
207864
207967
208070
208173
208277
208379
208481
208584
208686
208790
208892
208994
209098
209202
209305
209407
209511
209614
209717
209821
209923
210027
210129
210232
210335
210438
210541
210645
210748
210852
210956
211060
211164
211267
211411
211514
211617
211720
211823
211927
212031
212134
212237
212382
212486
212588
212692
212837
212940
213044
213148
213249
213353
213457
213561
213664
213768
213872
213975
214078
214181
214285
214388
214492
214596
214698
214802
214906
215009
215113
215217
215319
215423
215527
215630
215734
215837
215940
216044
216146
216249
216352
216454
216557
216661
216764
216868
216971
217075
217179
217282
217386
217490
217593
217696
217800
217903
218007
218111
218215
218318
218421
218524
218628
218732
218836
218940
219043
219146
219249
219353
219456
219559
219662
219766
219869
219972
220075
220177
220280
220383
220485
220589
220693
220797
220901
243819
243923
244027
244131
244235
244337
244441
244545
244648
244751
244854
244958
245062
245165
245269
245372
245475
245578
245682
245784
245887
245990
246094
246197
246301
246404
246508
246612
246715
246817
246921
247025
247129
247233
247337
247440
247544
247646
247749
247853
247957
248061
248172
248275
248379
248570
248672
248776
248926
249116
249218
249321
249424
249527
249630
249734
252199
252303
252405
252509
252613
252717
252820
258285
258388
258491
258595
258696
258799
258902
259006
259110
259213
259316
259419
259521
259625
259729
259833
259935
260038
260142
260245
260348
260451
260555
260658
260762
260866
260970
261074
261178
261282
261385
261488
261591
261695
261798
261900
262004
262108
262210
262313
262417
262521
262624
262727
262830
262934
263037
263141
263245
263347
263451
263555
263658
263761
263865
263974
264077
264181
264284
264387
264491
264683
264846
264949
265053
265157
265260
265363
265465
265569
265673
265777
265881
265983
266055
266159
266580
266683
266786
266889
266992
267093
267196
268794
268898
269001
269105
269207
269309
269411
269515
269617
269720
269822
269926
270029
270133
270236
270339
270441
270544
270647
270749
270852
270956
271059
271163
271266
271369
271472
271576
271678
271782
271886
271988
272092
272196
272300
272402
272506
272610
272714
272817
272920
273024
273127
273231
273335
273439
273543
273647
273749
273853
273956
274059
274162
274265
274367
274471
274574
274677
274781
274884
274988
275092
275195
275298
275400
275504
275608
275711
275813
275916
276018
276122
276226
276329
276432
276536
276639
276743
276846
276949
277191
277295
277397
277501
277605
277708
277810
277914
278018
278121
278224
278327
278431
278533
278636
278739
278842
278945
279053
279157
279260
279364
279467
279569
279672
279776
279880
279983
280086
289692
289796
289900
290004
290107
290211
290312
290414
290518
290621
290725
290828
290932
291035
291139
291242
291345
291449
291552
291656
291759
291861
291964
292067
292169
292272
292375
292478
292582
292685
292789
292892
292995
293103
293207
293311
293415
293518
293622
293724
293827
293930
294033
294135
294237
294354
294465
294569
294673
294776
294878
294982
295084
295188
295291
295393
295497
295600
295704
295808
295911
296015
296119
296221
296671
296880
296984
297087
297191
297529
297633
297735
297838
297942
298046
298150
298254
298396
298504
298608
298711
298815
298918
299021
301975
302078
302181
302285
302389
302493
303671
303774
303878
303982
304086
304190
304293
304397
304499
304602
304706
304810
304914
305018
305122
305224
305327
305430
305534
305638
305742
305844
305948
306052
306156
306260
306364
306468
306571
306674
306778
306882
306985
307089
307192
307296
307399
307502
307605
307709
307812
307915
308018
308127
308231
308334
308437
308541
308693
308797
308901
309004
309230
309334
309436
309539
309641
309744
309847
309950
310053
310156
310260
310364
310468
310571
310673
310775
310879
310982
311085
311189
311293
311397
311501
311604
311708
311812
311914
312018
312122
312226
312329
315158
315261
315365
315469
315573
315682
315785
315889
315993
316095
316198
316302
316406
316510
316614
316718
316821
316924
317028
317131
317235
317339
317442
317546
317650
317754
317858
317967
318071
318174
318277
318381
318485
318589
318691
318794
318898
319002
319104
319208
319311
319430
319534
319637
319740
319844
319946
320048
320152
320256
320360
320464
320568
320679
320783
320886
320990
321092
321195
321298
321400
321503
321607
321710
321814
321918
322022
322125
322229
322786
322889
322991
323094
323196
323299
323403
323507
323611
323715
323818
323921
324024
324128
324229
324333
324436
324539
324643
324745
324849
325931
326033
326137
326437
326541
326644
326748
326850
