1311
1369
1406
1447
1854
1925
1973
2025
2076
2122
2172
2225
2282
2325
2372
2428
2488
2536
2588
2636
2688
2735
2786
2834
2886
2933
2984
3028
3076
3123
3174
3216
3262
3308
3364
3423
3498
3571
3623
3672
3722
3777
3856
3927
3987
4043
4087
4137
4191
4239
4294
4347
4400
4461
4516
4563
4608
4746
4806
4873
4934
5002
5072
5137
5210
5283
5336
5408
5471
5532
5603
5665
5715
5778
5832
5901
5957
6028
6099
6163
6227
6288
6349
6410
6470
6530
6621
6704
6787
6863
6935
7006
7078
7163
7248
7333
7410
7487
7564
7641
7718
7788
7858
7928
7998
8066
8134
8202
8269
8336
8402
8468
8534
8600
8666
8732
8801
8870
8935
9000
9065
9130
9195
9258
9324
9390
9456
9522
9588
9654
9714
9774
9844
9914
9970
10030
10114
10166
10243
10327
10378
10435
10487
10591
10693
10768
10856
10940
11032
11124
11215
11334
11457
11590
11716
11799
11888
12001
12106
12217
12314
12418
12525
12641
12736
12823
12926
13016
13102
13182
13269
13354
13443
13539
13646
13753
13856
13963
14081
14194
14314
14432
14545
14658
14760
14860
14959
15057
15163
15261
15364
15440
15525
15617
15705
15781
15866
15958
16046
16122
16207
16299
16387
16463
16548
16640
16728
16813
16885
16966
17054
17137
17216
17286
17365
17451
17532
17611
17690
17772
17850
17926
18004
18072
18142
18225
18301
18377
18464
18555
18644
18729
18832
18919
18992
19067
19148
19223
19299
19378
19454
19533
19604
19677
19756
19829
19903
19981
20059
20128
20217
20308
20405
20496
20588
20683
20775
20870
20946
21034
21124
21203
21281
21359
21439
21541
21652
21756
21853
21928
22005
22097
22190
22288
22386
22486
22586
22695
22804
22901
22996
23093
23191
23293
23388
23485
23583
23632
23690
23740
23806
23850
23898
23957
24012
24071
24127
24189
24253
24310
24392
24467
24540
24612
24669
24742
24819
24911
24985
25063
25157
25240
25327
25439
25517
25602
25691
25807
25889
25991
26067
26147
26245
26323
26405
26507
26581
26659
26753
26829
26909
27007
27086
27169
27273
27346
27423
27515
27585
27659
27745
27818
27895
27987
28063
28143
28241
28315
28393
28487
28565
28647
28749
28839
28933
29059
29147
29239
29361
29440
29523
29627
29682
29749
29815
29891
29973
30034
30098
30161
30228
30297
30371
30444
30519
30598
30669
30742
30818
30886
30954
31023
31093
31159
31242
31325
31408
31479
31552
31639
31707
31763
31836
31903
31965
32029
32104
32178
32254
32334
32406
32480
32557
32626
32695
32765
32836
32903
32987
33071
33155
33227
33301
33389
33458
33514
33587
33654
33716
33781
33845
33916
33991
34065
34141
34221
34293
34367
34444
34513
34582
34652
34723
34790
34874
34958
35042
35114
35188
35276
35345
35406
35479
35550
35621
35693
35759
35823
35888
35953
36013
36077
36141
36205
36265
36333
36405
36492
36566
36625
36688
36757
36824
36886
36949
37011
37073
37132
37206
37279
37358
37418
37477
37536
37611
37686
37760
37841
37922
38003
38072
38141
38208
38281
38370
38443
38532
38605
38694
38769
38827
38885
38943
39002
39060
39118
39176
39241
39319
39401
39508
39592
39659
39725
39792
39853
39918
39991
40058
40123
40192
40264
40335
40402
40473
40549
40622
40682
40749
40832
40919
41019
41103
41191
41295
41364
41453
41546
41658
41720
41782
41845
41908
41973
42038
42114
42190
42260
42330
42400
42471
42539
42606
42679
42752
42826
42899
42979
43063
43174
43258
43369
43453
43564
43648
43759
43845
43922
44019
44096
44193
44270
44367
44444
44541
44618
44715
44792
44889
44966
45063
45142
45213
45288
45381
45456
45549
45624
45717
45794
45867
45946
46029
46138
46223
46300
46397
46476
46545
46618
46707
46780
46869
46942
47031
47104
47193
47268
47342
47420
47519
47599
47667
47739
47826
47898
47985
48057
48144
48216
48303
48375
48462
48534
48621
48695
48760
48829
48910
48979
49060
49129
49210
49281
49349
49421
49508
49582
49653
49728
49821
49896
49989
50064
50157
50234
50299
50372
50449
50546
50625
50694
50775
50846
50915
50988
51077
51150
51239
51312
51401
51474
51563
51636
51725
51798
51895
51970
52043
52120
52217
52294
52391
52470
52555
52644
52765
52856
52934
53016
53123
53205
53312
53394
53501
53585
53668
53755
53872
53961
54035
54113
54212
54290
54389
54469
54523
54961
55018
55079
55134
55191
55253
55309
55363
55420
55492
55559
55609
55672
55730
55796
55869
55937
56002
56066
56131
56216
56300
56385
56471
56557
56641
56718
56783
56857
56932
56998
57071
57137
57202
57267
57342
57400
57453
57518
57578
57629
57686
57750
57815
57874
57937
58002
58062
58125
58182
58249
58310
58374
58433
58506
58575
58638
58699
58755
58822
58884
58956
59023
59086
59144
59212
59284
59347
59404
59476
59543
59610
59672
59734
59790
59848
59916
59979
60057
60130
60205
60275
60344
60409
60483
60552
60629
60702
60767
60828
60913
60993
61070
61142
61213
61280
61344
61419
61489
61559
61624
61694
61759
61830
61896
61965
62030
62100
62165
62234
62313
62387
62457
62522
62590
62653
62703
62762
62828
62896
62958
63031
63098
63167
63231
63300
63363
63437
63506
63580
63649
63704
63754
63818
63878
63943
64006
64065
64128
64203
64272
64348
64414
64489
64561
64627
64695
64762
64825
64895
64963
65026
65094
65157
65225
65288
65351
65428
65501
65569
65631
65695
65760
65819
65890
65962
66034
66109
66178
66243
66306
66380
66453
66519
66587
66650
66734
66803
66858
66909
66966
67031
67091
67143
67196
67256
67325
67391
67444
67500
67556
67614
67669
67718
67787
67851
67909
67975
68038
68098
68163
68220
68292
68352
68422
68487
68550
68612
68672
68726
68804
68878
68952
69010
69068
69136
69196
69252
69309
69381
69445
69510
69588
69658
69722
69789
69852
69924
69992
70060
70125
70187
70256
70320
70382
70438
70500
70556
70619
70677
70740
70798
70867
70927
70986
71063
71139
71210
71270
71330
71402
71475
71550
71614
71683
71746
71812
71873
71930
71990
72045
72106
72162
72222
72277
72352
72416
72476
72535
72595
72652
72718
72780
72838
72898
72952
73002
73057
73107
73165
73217
73277
73331
73394
73460
73531
73597
73656
73709
73769
73826
73880
73947
74009
74075
74139
74204
74264
74330
74385
74465
74541
74615
74690
74765
74839
74918
75011
75086
75163
75221
75283
75343
75408
75475
75540
75594
75656
75712
75770
75829
75881
75938
76001
76069
76132
76203
76269
76333
76391
76454
76513
76580
76650
76713
76771
76830
76893
76947
77009
77067
77133
77193
77259
77314
77368
77427
77480
77536
77612
77683
77752
77810
77885
77954
78023
78079
78137
78192
78258
78318
78372
78430
78483
78543
78597
78656
78716
78770
78843
78910
78962
79024
79080
79133
79190
79262
79330
79407
79470
79541
79608
79676
79753
79825
79888
79951
80015
80082
80144
80197
80255
80309
80358
80397
80436
80474
80524
80563
80619
80679
80720
80766
80818
80856
80898
80947
81000
81054
81112
81166
81224
81278
81336
81389
81446
81489
81536
81578
81631
81676
81721
81775
81832
81886
81940
81994
82048
82105
82162
82216
82273
82327
82384
82441
82491
82539
82587
82637
82706
82750
82790
82834
82878
82926
82968
83014
83062
83100
83142
83182
83226
83268
83314
83355
83400
83447
83489
83535
83571
83614
83660
83705
83760
83800
83854
83903
83966
84026
84066
84123
84163
84205
84250
84299
84352
84404
84453
84500
84549
84598
84647
84696
84745
84794
84846
84898
84950
84994
85044
85097
85151
85217
85280
85345
85410
85479
85540
85622
85684
85745
85809
85870
85933
85998
86066
86130
86191
86254
86328
86384
86447
86505
86569
86636
86697
86758
86823
86880
86957
87015
87072
87142
87189
87242
87307
87374
87426
87478
87540
87585
87636
87690
87745
87812
87876
87942
88008
88078
88140
88222
88285
88346
88410
88471
88535
88601
88669
88734
88796
88860
88934
88991
89054
89113
89178
89246
89308
89370
89436
89494
89572
89631
89688
89759
89807
89861
89927
89995
90048
90101
90164
90208
90259
90313
90368
90435
90499
90565
90631
90701
90763
90845
90908
90969
91033
91094
91158
91224
91292
91357
91419
91483
91557
91614
91677
91736
91801
91869
91931
91993
92059
92117
92195
92254
92311
92382
92430
92484
92550
92618
92671
92724
92787
92831
92882
92936
92991
93058
93122
93188
93254
93324
93386
93468
93531
93592
93656
93717
93781
93847
93915
93980
94042
94106
94180
94237
94300
94359
94424
94492
94554
94616
94682
94740
94818
94877
94934
95005
95053
95107
95173
95241
95294
95347
95410
95459
95521
95579
95638
95701
95765
95821
95865
95916
95970
96025
96092
96156
96222
96288
96358
96420
96502
96565
96626
96690
96751
96815
96881
96949
97014
97076
97140
97214
97271
97334
97393
97458
97526
97588
97650
97716
97774
97852
97911
97968
98039
98087
98141
98207
98275
98328
98381
98444
98488
98539
98593
98648
98715
98779
98845
98911
98981
99043
99125
99188
99249
99313
99374
99438
99504
99572
99637
99699
99763
99837
99894
99957
100016
100081
100149
100211
100273
100339
100397
100475
100534
100591
100662
100710
100764
100830
100898
100951
101004
101067
101111
101162
101216
101271
101338
101402
101468
101534
101604
101666
101748
101811
101872
101936
101997
102061
102127
102195
102260
102322
102386
102460
102517
102580
102639
102704
102772
102834
102896
102962
103020
103098
103157
103214
103285
103333
103387
103453
103521
103574
103627
103690
103737
103791
103848
103906
103976
104043
104112
104181
104254
104319
104404
104470
104534
104601
104665
104732
104801
104872
104940
105005
105072
105149
105209
105275
105337
105405
105476
105541
105606
105675
105736
105817
105879
105939
106013
106064
106121
106190
106261
106317
106373
106439
106486
106540
106597
106655
106725
106792
106861
106930
107003
107068
107153
107219
107283
107350
107414
107481
107550
107621
107689
107754
107821
107898
107958
108024
108086
108154
108225
108290
108355
108424
108485
108566
108628
108688
108762
108813
108870
108939
109010
109066
109122
109188
109235
109289
109346
109404
109474
109541
109610
109679
109752
109817
109902
109968
110032
110099
110163
110230
110299
110370
110438
110503
110570
110647
110707
110773
110835
110903
110974
111039
111104
111173
111234
111315
111377
111437
111511
111562
111619
111688
111759
111815
111871
111937
111980
112023
112072
112132
112186
112256
112333
112406
112486
112545
112603
112676
112739
112798
112861
112932
113008
113065
113126
113189
113269
113333
113389
113444
113506
113567
113624
113682
113742
113806
113867
113920
113976
114038
114099
114162
114201
114245
114289
114337
114382
114425
114469
114508
114556
114600
114642
114692
114738
114782
114824
114867
114908
114952
115009
115053
115094
115133
115175
115224
115287
115350
115391
115449
115509
115554
115603
115656
115716
115795
115862
115940
116013
116083
116154
116219
116295
116371
116437
116522
116596
116667
116736
116806
116898
116969
117037
117117
117185
117259
117335
117408
117465
117522
117572
117623
117670
117725
117774
117825
117883
117934
117983
118031
118078
